91,01 2,15 70000
91,57 2,77 67932
90,63 2,97 65864
91,5 2,71 63796
91,03 2,69 61728
91,91 2,95 59660
91,61 3,52 57592
91,98 4,19 55524
91,45 4,22 53456
92,05 4,01 51388
92,15 4,15 49320
92,06 4,34 47252
91,92 4,43 45184
91,87 5,13 43116
92,5 4,19 41048
92,56 5,17 38980
92,55 5,63 36912
92,59 5,74 34844
92,8 5,76 32776
93,03 6,45 30708
93,09 6,87 28640
93,27 7,14 26572
93,59 7,54 24504
93,76 8,11 22436
94,23 8,77 20368
94,72 9,44 18300
95,09 10,44 16232
95,6 11,34 14164
96,57 12,66 12096
97,55 14,42 10000
