81,8 2,25 70000
81,37 3,35 67932
81,33 3,35 65864
82,3 3,7 63796
82,63 2,49 61728
81,83 3,24 59660
82,1 3,31 57592
82,28 3,61 55524
82,32 4,1 53456
82,37 3,74 51388
82,48 3,91 49320
83,03 4,92 47252
82,74 4,14 45184
82,55 4,71 43116
82,93 5,13 41048
82,94 4,92 38980
83,15 5,35 36912
83,68 5,29 34844
84,14 5,73 32776
84,29 6,26 30708
84,5 6,51 28640
84,6 6,91 26572
84,91 7,11 24504
85,18 7,86 22436
85,62 8,35 20368
86,05 8,98 18300
86,42 9,94 16232
87 10,9 14164
87,75 12,12 12096
88,78 13,87 10000
