90,5 2,43 70000
91,47 2,66 67932
89,95 3,52 65864
91,14 3,96 63796
91,05 3,79 61728
91,48 4,22 59660
91 3,42 57592
91,05 3,73 55524
91,3 4,34 53456
91,23 3,97 51388
91,51 4,18 49320
91,78 4,62 47252
91,61 4,39 45184
91,86 5,12 43116
92,05 5,03 41048
92,5 5,49 38980
92,48 5,5 36912
92,64 5,52 34844
92,46 5,98 32776
92,9 6,33 30708
92,91 6,79 28640
93,26 7,23 26572
93,57 7,54 24504
93,96 8,2 22436
94,31 8,58 20368
94,73 9,33 18300
95,09 10,47 16232
95,85 11,31 14164
96,61 12,72 12096
97,54 14,35 10000
