82,88 3,06 70000
82,96 3,01 67932
82,48 2,98 65864
81,83 3,05 63796
82,54 2,99 61728
82,72 3,19 59660
82,61 3,07 57592
83,42 3,84 55524
83,17 3,43 53456
83,28 4 51388
83,42 4,41 49320
83,71 4,41 47252
83,81 4,6 45184
83,68 4,64 43116
84 4,65 41048
83,95 4,96 38980
84,32 5,14 36912
84,42 5,45 34844
84,69 5,82 32776
84,67 6,1 30708
85,21 6,58 28640
85,19 6,77 26572
85,5 7,19 24504
85,59 7,78 22436
86,16 8,49 20368
86,52 9,24 18300
87 9,89 16232
87,6 10,82 14164
88,19 12,22 12096
89,44 13,99 10000
