71,49 2,39 70000
71,31 3,55 67932
70,71 2,82 65864
71,28 3,34 63796
71,95 2,77 61728
72,07 2,54 59660
71,73 3,18 57592
71,55 3,4 55524
71,96 3,87 53456
71,9 3,74 51388
72,37 4,06 49320
72,24 3,85 47252
72,43 4,02 45184
72,78 4,18 43116
72,64 4,54 41048
72,75 5,13 38980
73,37 5,18 36912
73,33 5,46 34844
73,39 5,68 32776
73,48 5,98 30708
73,69 6,33 28640
73,8 6,86 26572
74,2 7,18 24504
74,56 7,82 22436
74,86 8,26 20368
75,11 9,02 18300
75,74 9,73 16232
76,17 10,88 14164
76,99 12,15 12096
78,14 13,82 10000
