71,74 3,33 70000
71,53 2,61 67932
71,57 3,08 65864
71,39 2,48 63796
71,12 3,46 61728
72,12 3,28 59660
72,27 3,69 57592
71,32 3,51 55524
72,13 3,44 53456
72,22 3,55 51388
72,37 3,93 49320
72,5 4,6 47252
72,68 4,18 45184
72,57 4,46 43116
72,39 4,95 41048
72,89 4,93 38980
72,84 5,12 36912
72,93 5,27 34844
73,46 5,92 32776
73,46 6,2 30708
73,55 6,47 28640
73,78 6,83 26572
74,34 7,22 24504
74,49 7,71 22436
74,66 8,14 20368
74,99 9,04 18300
75,57 9,85 16232
76,02 10,79 14164
76,86 12,19 12096
77,89 13,78 10000
