53,36 2,3 70000
53 2,03 67932
53,22 1,57 65864
52,56 2,39 63796
52,66 2,16 61728
52,98 2,65 59660
52,48 2,42 57592
52,57 2,22 55524
52,77 2,44 53456
52,54 2,69 51388
53,11 2,86 49320
53,09 2,99 47252
52,98 2,78 45184
53,02 3,27 43116
53,02 3,28 41048
53,24 3,59 38980
53,45 3,44 36912
53,36 4,01 34844
53,49 4,07 32776
53,75 4,32 30708
53,83 4,51 28640
53,98 4,86 26572
54,24 5,26 24504
54,46 5,46 22436
54,78 6,02 20368
55,11 6,35 18300
55,51 6,96 16232
55,87 7,66 14164
56,48 8,5 12096
57,24 9,69 10000
