56,32 1,68 70000
56,62 2,38 67932
56 2,14 65864
56,59 2,13 63796
56,33 2,64 61728
56,35 2,48 59660
55,95 2,54 57592
56,21 2,53 55524
56,27 2,92 53456
56,29 2,79 51388
55,96 3,04 49320
56,53 3,16 47252
56,33 3,16 45184
57 3,25 43116
56,8 3,66 41048
57,01 3,65 38980
57,17 3,92 36912
57,32 4,27 34844
57,28 4,51 32776
57,58 4,53 30708
57,7 4,86 28640
57,97 5,17 26572
58,01 5,4 24504
58,37 5,86 22436
58,56 6,25 20368
58,98 6,76 18300
59,26 7,29 16232
59,8 8,02 14164
60,3 8,93 12096
61,09 10,17 10000
