159,16 5,09 70000
156,62 6,27 67932
158,11 4,81 65864
156,68 5,05 63796
156,95 6,42 61728
158,26 4,98 59660
158,79 6,33 57592
157,52 6,15 55524
158,26 6,65 53456
158,69 6,19 51388
158,49 6,69 49320
157,89 7,36 47252
158,97 7,4 45184
158,23 8,07 43116
158,42 7,76 41048
159,51 8,35 38980
159,01 8,9 36912
159,66 9,31 34844
159,89 9,64 32776
159,8 9,82 30708
160,53 10,39 28640
160,82 11,04 26572
161,2 11,55 24504
161,62 12,78 22436
162,02 13,27 20368
162,66 14,23 18300
163,66 15,49 16232
164,68 17 14164
165,78 18,84 12096
167,29 21,12 10000
