136,88 6,5 70000
137,65 5,76 67932
135,69 5,18 65864
136,76 6,55 63796
137,54 7,03 61728
136,64 6,03 59660
137,52 5,46 57592
137,23 6,88 55524
137,47 6,78 53456
138,52 6,95 51388
138 7,74 49320
138,28 7,14 47252
138,19 7,38 45184
138,87 7,98 43116
138,93 8,41 41048
138,82 8,57 38980
139,08 9,05 36912
139,21 9,2 34844
139,96 9,5 32776
140,05 10 30708
140,51 10,33 28640
140,72 10,84 26572
141,31 11,45 24504
141,49 12,29 22436
142,07 13,13 20368
142,84 14,32 18300
143,38 15,37 16232
144,42 16,75 14164
145,71 18,23 12096
147,11 20,98 10000
