158,44 5,85 70000
158,58 5,66 67932
157,34 5,35 65864
158,54 6,07 63796
156,16 7,14 61728
157,35 5,81 59660
158,12 6,91 57592
158,15 6,81 55524
158,02 5,54 53456
157,73 6,82 51388
158,73 6,93 49320
158,37 7,54 47252
158,27 7,85 45184
159,23 7,18 43116
159,88 7,61 41048
159,76 8,48 38980
159,07 8,32 36912
159,26 8,19 34844
159,69 9,47 32776
160,52 10 30708
160,39 10,58 28640
160,83 10,8 26572
161,31 11,66 24504
161,68 12,29 22436
162,35 13,15 20368
163,06 14,31 18300
163,67 15,36 16232
164,55 16,75 14164
165,7 18,65 12096
167,64 21,01 10000
