137,97 6,55 70000
138,43 5,8 67932
136,93 5,07 65864
137,93 6,55 63796
138,83 6,94 61728
137,8 6 59660
138,66 5,5 57592
138,19 7,07 55524
138,36 6,9 53456
138,38 6,29 51388
138,74 7,8 49320
139,25 7,06 47252
139,09 7,36 45184
138,88 7,64 43116
139,29 7,9 41048
139,64 8,66 38980
139,85 8,32 36912
140,03 9,26 34844
140,63 9,59 32776
140,87 9,95 30708
140,71 10,56 28640
141,35 10,94 26572
141,75 11,86 24504
142,22 12,37 22436
142,81 13,17 20368
143,01 13,95 18300
144,13 15,47 16232
145,09 16,7 14164
145,93 18,45 12096
147,81 20,96 10000
