52,27 1,63 70000
52,02 2,24 67932
52,06 2,3 65864
52,8 2,49 63796
52,77 2,45 61728
52,68 2,29 59660
52,96 2,32 57592
53,05 2,55 55524
53,38 2,39 53456
53,3 2,69 51388
53,71 3,14 49320
53,7 3,11 47252
53,65 3,33 45184
54,04 3,16 43116
54,11 3,38 41048
54,23 3,44 38980
54,45 3,77 36912
54,48 4,05 34844
54,66 4,22 32776
54,95 4,51 30708
55,09 4,58 28640
55,15 4,92 26572
55,53 5,25 24504
55,69 5,59 22436
56 6,03 20368
56,28 6,37 18300
56,6 6,95 16232
57,09 7,69 14164
57,65 8,61 12096
58,49 9,86 10000
