173,88 4,49 70000
164,48 7,95 67932
173,95 6,24 65864
167,46 7,39 63796
163,85 7,34 61728
162,61 5,87 59660
159,3 7,62 57592
158,03 7,01 55524
158,87 7,22 53456
158,3 7,43 51388
157,63 8,55 49320
156,46 7,87 47252
155,83 8,44 45184
154,93 8,98 43116
154,17 8,52 41048
153,7 9,17 38980
153,56 9,5 36912
152,88 9,24 34844
153,29 10,15 32776
152,65 10,35 30708
152,47 11,01 28640
152,46 11,61 26572
152,57 12,5 24504
152,96 13,21 22436
152,97 13,77 20368
153,64 15,3 18300
153,52 16,31 16232
154,91 17,87 14164
156,15 19,67 12096
157,48 21,97 10000
