142,81 7,1 70000
143,15 5,7 67932
141,51 5,29 65864
142,44 6,76 63796
143,53 7,1 61728
142,6 6,2 59660
143,43 5,67 57592
143,23 7,27 55524
143,37 7,07 53456
144,43 7,1 51388
143,86 8,09 49320
144,33 7,38 47252
144,13 7,56 45184
144,94 8,15 43116
144,43 8,02 41048
144,91 8,8 38980
145,22 9,29 36912
145,32 9,41 34844
146,04 9,86 32776
146,25 10,27 30708
146,17 10,8 28640
146,88 11,23 26572
146,84 12,01 24504
147,76 12,64 22436
148,41 13,48 20368
149,1 14,72 18300
149,33 15,71 16232
150,75 17,16 14164
152,08 18,74 12096
153,63 21,54 10000
