194,44 5,56 70000
192,41 6,92 67932
193,12 6,05 65864
193,64 8,67 63796
193,8 6,62 61728
194,47 7,96 59660
194,98 8,06 57592
193,47 8,93 55524
194,12 7,57 53456
194,47 7,28 51388
195,89 9,18 49320
194,42 8,48 47252
195,36 9,39 45184
195,4 9,54 43116
195,46 10,35 41048
196,14 10,67 38980
196,96 12,02 36912
196 11,98 34844
196,36 11,7 32776
197,11 12,09 30708
197,71 13,28 28640
198,38 13,78 26572
198,24 14,77 24504
199,2 15,48 22436
200,4 16,83 20368
200,85 17,87 18300
202,12 19,46 16232
203,07 21,1 14164
204,61 22,86 12096
206,81 25,98 10000
