144,17 7,6 70000
143,86 6,56 67932
144,91 5,29 65864
143,69 5,2 63796
143,8 6,86 61728
145,12 5,32 59660
145,07 6,43 57592
143,51 6,53 55524
143,94 7 53456
143,73 6,42 51388
143,8 7,01 49320
145,42 7,33 47252
145,41 7,64 45184
144,89 7,74 43116
146,48 8,83 41048
146,77 8,92 38980
146,78 9,26 36912
146,78 9,7 34844
148,38 10,24 32776
149,27 10,62 30708
149,55 10,94 28640
149,5 11,75 26572
151,68 12,6 24504
151,91 13,23 22436
152,36 14,03 20368
153 15,07 18300
153,5 16,56 16232
154,97 18,08 14164
158,64 20,29 12096
160,35 22,59 10000
