128,4 5,12 70000
128 5,1 67932
126,15 5,66 65864
124,56 6,59 63796
123,61 6,46 61728
123,41 5,03 59660
122,28 7,13 57592
120,35 6,21 55524
119,65 6,94 53456
119,36 6,88 51388
118,87 5,91 49320
117,35 7,13 47252
116,43 6,81 45184
115,94 7,84 43116
113,97 8,14 41048
114,73 7,71 38980
114,38 8,78 36912
113,85 8,81 34844
113,49 9,09 32776
113,07 9,11 30708
112,99 9,54 28640
112,65 10,17 26572
112,61 10,58 24504
112,68 11,25 22436
112,77 12,09 20368
112,84 12,96 18300
113,05 13,93 16232
113,81 14,97 14164
114,56 16,66 12096
115,93 18,91 10000
