142,53 6,79 70000
143,15 5,7 67932
143,51 5,02 65864
142,14 6,69 63796
143,89 5,37 61728
143,57 5,01 59660
143,52 7,08 57592
144,05 7,2 55524
144,47 5,99 53456
143,93 7,15 51388
144,25 7,2 49320
143,69 7,22 47252
144,53 7,56 45184
144,26 8,1 43116
145,08 7,97 41048
144,95 8,38 38980
145,2 9,14 36912
145,39 9,49 34844
145,37 9,69 32776
145,89 9,74 30708
145,94 10,56 28640
146,71 11,17 26572
147,17 11,87 24504
147,68 12,63 22436
148,21 13,69 20368
148,82 14,59 18300
149,47 15,5 16232
150,54 16,99 14164
151,8 18,82 12096
153,5 21,36 10000
