193,35 7,17 70000
194,66 7,03 67932
193,88 7,02 65864
196,34 7,79 63796
195,52 7,29 61728
194,98 6,68 59660
195,36 6,87 57592
195,01 7,24 55524
195,63 8,3 53456
194,75 8,55 51388
195,97 9,96 49320
195,29 9,47 47252
196,28 9,5 45184
196,52 9,99 43116
196,35 9,86 41048
196,8 11,85 38980
196,29 11,64 36912
197,15 11,18 34844
197,46 11,74 32776
197,55 12,93 30708
198,04 13,48 28640
198,27 14,26 26572
198,65 14,81 24504
199,32 15,6 22436
200,07 16,74 20368
200,68 17,87 18300
201,85 19,28 16232
203,02 21,11 14164
204,4 23,22 12096
206,73 26,37 10000
