85,18 3,25 70000
85,51 3,03 67932
85,7 3,44 65864
86,04 3,29 63796
86,04 3 61728
85,74 4,05 59660
85,74 3,43 57592
85,48 3,79 55524
86,16 3,95 53456
86,31 2,83 51388
86,35 4,67 49320
85,96 4,28 47252
86,2 4,74 45184
86,3 4,8 43116
86,61 4,79 41048
86,94 5,01 38980
86,71 5,25 36912
87,5 5,47 34844
86,93 5,75 32776
87,46 5,94 30708
87,67 6,33 28640
87,9 6,76 26572
87,84 7,18 24504
88,34 7,6 22436
88,5 8,23 20368
88,92 8,82 18300
89,46 9,42 16232
90,09 10,37 14164
90,78 11,77 12096
91,82 13,17 10000
