76,38 5,96 70000
76,77 5,43 67932
77,14 5,09 65864
76,44 5,97 63796
77,51 5,56 61728
77,35 5,37 59660
77,42 6,58 57592
77,75 6,68 55524
77,12 6,75 53456
77,77 6,92 51388
78,01 7,16 49320
77,95 7,29 47252
78,47 7,63 45184
78,39 8,03 43116
78,54 8,49 41048
78,91 8,57 38980
79,17 9,16 36912
79,32 9,56 34844
79,45 9,96 32776
79,66 10,42 30708
80,04 11,01 28640
80,33 11,62 26572
80,81 12,33 24504
81,3 13,41 22436
81,72 14,22 20368
82,66 15,52 18300
83,22 16,92 16232
84,13 18,64 14164
85,34 20,66 12096
87,02 23,58 10000
