98,88 3,97 70000
100,09 3,99 67932
100,04 3,93 65864
99,87 4 63796
101,56 3,95 61728
102,24 4,18 59660
102,5 4,08 57592
103,78 5,07 55524
103,88 4,55 53456
104,26 5,23 51388
104,69 5,72 49320
105,28 5,77 47252
105,57 5,43 45184
105,67 6,14 43116
106,37 6 41048
106,62 6,37 38980
107,22 6,66 36912
107,55 7,03 34844
108,33 7,48 32776
108,6 7,87 30708
108,82 8,19 28640
109,51 8,63 26572
110,04 9,14 24504
110,65 9,88 22436
111,32 10,41 20368
111,64 11,56 18300
112,38 12,24 16232
113,35 13,64 14164
114,36 15,03 12096
115,82 17,17 10000
