112,53 5,44 70000
113,04 4,44 67932
113,5 3,87 65864
112,36 5,21 63796
113,21 5,52 61728
113,56 3,99 59660
113,34 4,39 57592
113,07 5,65 55524
113,25 5,61 53456
114,05 5,64 51388
114,43 5,71 49320
114,18 5,9 47252
114,06 6,05 45184
114,69 6,52 43116
114,83 6,94 41048
114,71 7,08 38980
115,39 7,37 36912
115,65 7,71 34844
115,69 7,87 32776
115,88 8,26 30708
116,28 8,66 28640
116,41 9,07 26572
119,52 9,59 24504
119,2 10,3 22436
119,5 11,01 20368
120,05 12,07 18300
120,81 13,17 16232
121,52 14,37 14164
122,53 15,8 12096
123,89 17,84 10000
