138,76 4,65 70000
140,68 5,59 67932
139,83 4,71 65864
137,65 6,48 63796
137,68 6,81 61728
137,59 4,9 59660
136,86 5,47 57592
136,28 7,07 55524
136,21 6,71 53456
136,92 6,91 51388
136,29 7,76 49320
136,61 7,11 47252
136,44 7,42 45184
137,06 7,97 43116
136,96 8,35 41048
137,1 8,29 38980
137,04 8,93 36912
136,33 9,13 34844
136,81 9,46 32776
136,19 9,89 30708
136,02 10,47 28640
136,68 10,8 26572
137,25 11,36 24504
137,41 12,22 22436
138,1 13,03 20368
138,76 13,82 18300
139,35 15,25 16232
140,4 16,57 14164
141,92 18,44 12096
143,15 20,79 10000
