107,62 5,18 70000
108,12 4,41 67932
108,79 3,72 65864
107,9 5,04 63796
109,47 4,13 61728
110,15 4,76 59660
109,53 5,44 57592
110,04 5,35 55524
110,19 5,59 53456
110,25 5,48 51388
110,55 5,62 49320
110,35 5,67 47252
111,12 5,91 45184
110,99 6,3 43116
111,12 6,68 41048
111,64 6,62 38980
111,92 7,2 36912
112,14 7,5 34844
112,27 7,69 32776
113,11 8,15 30708
113,31 8,32 28640
113,46 8,89 26572
113,61 9,3 24504
114,39 10,11 22436
114,88 10,96 20368
115,34 11,79 18300
115,84 12,81 16232
116,82 13,76 14164
118,1 15,53 12096
119,45 17,42 10000
