84,45 3,78 70000
84,94 3,26 67932
85,11 2,7 65864
84,44 3,66 63796
85,6 2,96 61728
85,23 2,83 59660
85,39 4,01 57592
84,77 4,02 55524
85,62 4,14 53456
86,21 4,47 51388
85,77 4,09 49320
85,53 4,18 47252
85,96 4,4 45184
85,16 4,51 43116
85,63 5 41048
86,13 5,32 38980
86,06 5,34 36912
86,21 5,62 34844
86,2 5,76 32776
86,3 6,03 30708
86,6 6,34 28640
86,71 6,68 26572
87,08 7,02 24504
87,58 7,61 22436
87,7 8,12 20368
88,13 8,89 18300
88,77 9,66 16232
89,38 10,59 14164
90,17 11,66 12096
91,19 13,19 10000
