111,01 4,29 70000
110,58 4,76 67932
111,79 4,25 65864
111,77 3,94 63796
112,04 4,29 61728
112,27 3,99 59660
112,64 4,75 57592
112,68 5,12 55524
112,51 5,26 53456
113,19 5,21 51388
113,01 5,54 49320
113,26 5,63 47252
113,78 6,1 45184
113,47 6,34 43116
113,7 6,44 41048
114,18 6,82 38980
114,24 6,98 36912
114,5 7,27 34844
114,88 7,91 32776
114,75 8,22 30708
115,11 8,78 28640
115,64 9,18 26572
115,9 9,88 24504
116,65 10,26 22436
116,94 10,96 20368
117,5 11,96 18300
118,01 12,8 16232
118,86 14,08 14164
119,95 15,55 12096
121,27 17,47 10000
