76,55 5,97 70000
76,72 5,9 67932
76,29 6,09 65864
77,02 5,2 63796
76,97 5,15 61728
77,33 5,69 59660
77,33 5,96 57592
77,07 6,32 55524
77,12 6,84 53456
77,45 6,84 51388
77,73 7,47 49320
77,97 7,35 47252
78,17 7,8 45184
78,21 8,13 43116
78,61 8,53 41048
78,77 8,56 38980
79,16 9,18 36912
79,01 9,44 34844
79,47 10,22 32776
79,71 10,38 30708
79,89 11,07 28640
80,41 11,92 26572
80,63 12,47 24504
81,13 13,31 22436
81,82 14,39 20368
82,43 15,46 18300
83,04 16,77 16232
83,97 18,52 14164
85,21 20,78 12096
87,03 23,77 10000
