76,82 5,91 70000
77,83 5,56 68462
77,39 5,24 66924
77,43 6,28 65386
77,25 5,72 63848
76,79 6,34 62310
77,25 6,29 60772
77,37 5,82 59234
77,74 6,72 57696
77,68 6,92 56158
77,28 6,67 54620
77,66 6,96 53082
77,54 7 51544
77,89 7,46 50006
78,08 7,56 48468
77,92 7,74 46930
78,41 7,81 45392
78,33 8,04 43854
78,33 8,15 42316
78,68 8,43 40778
78,72 8,63 39240
78,97 9,41 37702
79,19 9,59 36164
79,21 9,87 34626
79,26 10,1 33088
79,56 10,52 31550
79,85 10,9 30012
79,97 11,52 28474
80,39 11,9 26936
80,38 12,46 25398
80,94 12,99 23860
81,17 13,71 22322
81,78 14,36 20784
82,17 15,22 19246
82,57 16,22 17708
83,09 17,16 16170
83,91 18,58 14632
84,62 19,96 13094
85,71 21,86 11556
86,96 24,12 10000
