138,23 6,44 70000
137,82 5,43 67932
136,97 4,87 65864
137,67 6,58 63796
138,44 5,72 61728
138,06 5,69 59660
137,69 6,36 57592
138,12 5,61 55524
138,62 7,4 53456
138,54 6,73 51388
138,31 7,1 49320
139,12 7,89 47252
138,72 7,71 45184
139,15 7,61 43116
139,45 7,4 41048
139,6 8,21 38980
139,82 9,03 36912
140,27 9,31 34844
140,68 9,16 32776
140,95 9,92 30708
141,28 10,51 28640
141,24 10,62 26572
141,35 11,6 24504
141,95 12,3 22436
142,66 13,3 20368
143,05 14,2 18300
143,87 15,51 16232
144,82 16,82 14164
146,11 18,3 12096
147,6 20,71 10000
