143,13 6,82 70000
143,65 5,9 67932
144,19 4,95 65864
142,51 6,47 63796
143,53 7,1 61728
143,93 5,05 59660
143,43 5,67 57592
143,02 7,27 55524
143,19 7,01 53456
144,18 7,13 51388
144,47 7,25 49320
144,18 7,41 47252
143,99 7,54 45184
144,6 8,27 43116
144,78 8,66 41048
144,66 8,79 38980
144,91 9,31 36912
145,11 9,45 34844
145,84 9,82 32776
146,01 10,22 30708
146,45 10,62 28640
146,65 11,2 26572
147,28 11,73 24504
147,5 12,67 22436
148,13 13,5 20368
148,83 14,7 18300
149,47 15,8 16232
150,53 17,1 14164
152,1 19,03 12096
153,38 21,52 10000
