132,64 6,79 70000
133,14 5,53 67932
133,94 4,66 65864
131,77 6,41 63796
133,02 6,73 61728
133,6 4,95 59660
132,14 5,44 57592
133,14 6,88 55524
133,32 6,78 53456
134,46 6,75 51388
134,82 6,93 49320
134,45 7,06 47252
134,26 7,27 45184
135,05 7,71 43116
135,13 8,22 41048
135,63 8,08 38980
135,95 8,81 36912
136,02 9,08 34844
136,11 9,33 32776
136,28 9,74 30708
136,77 10,14 28640
136,98 10,65 26572
137,58 11,18 24504
137,83 12,05 22436
138,42 12,86 20368
139,13 14,03 18300
140,08 15,18 16232
140,72 16,35 14164
142,24 18,21 12096
143,86 20,56 10000
