556,69 41,91 70000
565,07 37,99 67932
562,03 44,28 65864
559,29 46,75 63796
566,27 39,05 61728
570,68 45,2 59660
568,43 44,9 57592
574,17 55,23 55524
570,35 49,39 53456
571,44 49,92 51388
574,46 54,8 49320
576,29 57,12 47252
574,52 57,63 45184
576,43 56,35 43116
582,51 61,29 41048
584,41 61,22 38980
582,95 65,51 36912
585,96 70,23 34844
587,43 71,86 32776
590,38 75,03 30708
593,79 79,52 28640
596,53 84,02 26572
599,43 87,86 24504
602,84 95,8 22436
607,57 102,38 20368
610,67 109,78 18300
616,78 120,06 16232
621,48 131,05 14164
629,41 148,1 12096
638,94 169,47 10000
